67
41
67
15
25
94
43
93
12
21
4
26
50
91
13
64
47
69
58
83
88
58
45
1
48
72
50
53
40
75
90
18
43
89
32
29
57
66
51
64
79
61
60
32
34
65
53
12
17
45
10
44
20
94
20
76
10
46
53
19
58
17
52
30
24
94
65
34
46
74
92
9
10
13
77
77
24
79
92
40
94
52
24
73
70
72
14
77
20
85
83
63
57
13
11
58
47
4
11
79
48
36
1
31
31
78
85
29
18
76
84
63
83
2
31
67
25
45
34
80
31
46
41
25
93
17
40
85
77
86
63
61
29
39
40
34
80
15
71
3
80
63
7
12
41
59
24
39
58
68
65
86
94
53
76
51
16
17
78
34
56
20
50
38
17
83
57
62
2
43
40
6
18
67
11
10
18
24
70
69
59
40
40
85
19
92
80
91
30
54
63
36
85
58
38
44
45
34
81
38
13
65
6
20
57
61
23
63
52
58
36
64
87
86
5
88
64
63
32
34
89
43
6
64
51
83
55
81
54
49
94
3
73
75
34
34
35
32
25
87
95
13
14
49
26
86
89
21
88
92
45
37
32
68
2
30
82
86
56
23
72
85
20
44
87
21
33
83
85
44
91
64
20
72
83
42
13
54
4
72
87
29
19
74
64
23
59
25
51
45
4
46
43
63
84
52
49
51
93
20
17
68
7
74
23
79
51
22
83
88
22
30
78
34
39
43
50
39
81
10
72
81
45
81
32
51
19
45
36
70
75
17
39
89
69
53
14
86
37
41
42
50
43
51
58
6
77
13
21
80
87
53
30
24
50
49
11
69
54
63
50
78
3
11
51
9
74
21
64
29
85
55
46
8
11
93
40
33
69
25
71
13
54
32
94
91
47
47
23
33
9
41
51
26
57
32
2
58
60
68
93
37
44
51
33
81
2
56
94
84
73
68
63
2
59
30
46
81
19
40
88
89
65
1
6
25
43
41
